================================================================================
VQ CODEBOOK DEBUG
================================================================================

[Blank token]
norm: 0.338477

[Level 0] shape=(32,64) alive=32/32
norm min=4.18676 max=5.80006 mean=5.03585
cos alive min=-0.7427 max=+0.7112 mean=+0.0067
   1. codes (5,13) cos=-0.742728
   2. codes (3,25) cos=-0.731779
   3. codes (25,28) cos=-0.725773
   4. codes (13,23) cos=-0.712471
   5. codes (1,11) cos=+0.711204
   6. codes (2,10) cos=-0.706590
   7. codes (8,20) cos=-0.702744
   8. codes (0,24) cos=+0.696228
   9. codes (3,19) cos=+0.683074
  10. codes (27,28) cos=-0.674853

[Level 1] shape=(256,64) alive=256/256
norm min=0.988488 max=9.31821 mean=3.28826
cos alive min=-0.8419 max=+0.8645 mean=+0.0036
   1. codes (41,151) cos=+0.864547
   2. codes (61,173) cos=+0.850279
   3. codes (182,206) cos=+0.845713
   4. codes (112,114) cos=-0.841930
   5. codes (75,240) cos=+0.835821
   6. codes (46,231) cos=-0.827392
   7. codes (143,231) cos=+0.827119
   8. codes (45,184) cos=+0.826950
   9. codes (15,254) cos=+0.816017
  10. codes (30,69) cos=+0.811571

[parent-wise child separation]
parent  alive_child  child_norm_mean  cos_min  cos_max  cos_mean
     0            8          3.25616   -0.649   +0.574    -0.092
     1            8          4.04058   -0.760   +0.541    -0.117
     2            8          3.24777   -0.756   +0.467    -0.116
     3            8          3.30904   -0.736   +0.449    -0.119
     4            8          2.84017   -0.389   +0.043    -0.133
     5            8          2.74202   -0.416   +0.100    -0.140
     6            8          3.75696   -0.546   +0.376    -0.077
     7            8          3.24961   -0.736   +0.448    -0.110
     8            8          3.48494   -0.525   +0.327    -0.094
     9            8           2.8479   -0.580   +0.465    -0.125
    10            8          3.47893   -0.571   +0.260    -0.113
    11            8          3.44743   -0.779   +0.478    -0.098
    12            8          2.55226   -0.565   +0.357    -0.129
    13            8          3.41401   -0.477   +0.480    -0.107
    14            8          3.33601   -0.842   +0.431    -0.121
    15            8          4.04682   -0.489   +0.469    -0.072
    16            8          3.78928   -0.611   +0.623    -0.085
    17            8          3.51524   -0.688   +0.326    -0.114
    18            8           2.5454   -0.395   +0.274    -0.138
    19            8           2.8877   -0.737   +0.482    -0.104
    20            8           3.4096   -0.498   +0.205    -0.104
    21            8          3.21443   -0.616   +0.417    -0.106
    22            8          3.72816   -0.466   +0.362    -0.069
    23            8          3.20473   -0.338   +0.194    -0.127
    24            8          2.34887   -0.596   +0.452    -0.128
    25            8          3.47488   -0.731   +0.373    -0.093
    26            8          3.04607   -0.773   +0.372    -0.130
    27            8          2.86664   -0.748   +0.620    -0.103
    28            8          3.70986   -0.537   +0.389    -0.084
    29            8          3.14926   -0.679   +0.459    -0.106
    30            8          3.50949   -0.661   +0.370    -0.100
    31            8          3.77416   -0.544   +0.535    -0.096

[Level 2] shape=(1024,64) alive=1024/1024
norm min=0.493138 max=10.6711 mean=3.80663
cos alive min=-0.8928 max=+0.9999 mean=-0.0002
   1. codes (650,651) cos=+0.999944
   2. codes (861,863) cos=+0.999943
   3. codes (860,861) cos=+0.999939
   4. codes (964,965) cos=+0.999935
   5. codes (25,27) cos=+0.999931
   6. codes (997,999) cos=+0.999922
   7. codes (497,499) cos=+0.999917
   8. codes (800,802) cos=+0.999917
   9. codes (522,523) cos=+0.999916
  10. codes (677,679) cos=+0.999915

[parent-wise child separation skipped] K=1024 does not match num_parent*num_child=128